#### Simulations (100)
# Process.x #1
0.0 0.0
0.0 0.0
1.0 0.0
1.0 1.0
2.0 1.0
2.0 2.0
3.0 2.0
3.0 3.0
4.0 3.0
4.0 4.0
5.0 4.0
5.0 5.0
6.0 5.0
6.0 6.0
7.0 6.0
7.0 7.0
8.0 7.0
8.0 8.0
9.0 8.0
9.0 9.0
10.0 9.0
10.0 10.0
10.1621 10.0
# Process.x #2
0.0 0.0
0.0 0.0
1.0 0.0
1.0 10.0
2.0 10.0
2.0 20.0
3.0 20.0
3.0 30.0
4.0 30.0
4.0 40.0
5.0 40.0
5.0 50.0
6.0 50.0
6.0 60.0
7.0 60.0
7.0 70.0
8.0 70.0
8.0 80.0
9.0 80.0
9.0 90.0
10.0 90.0
10.0 100.0
10.1433 100.0
# Process.x #3
0.0 0.0
0.0 0.0
1.0 0.0
1.0 10.0
2.0 10.0
2.0 20.0
3.0 20.0
3.0 30.0
4.0 30.0
4.0 40.0
5.0 40.0
5.0 50.0
6.0 50.0
6.0 60.0
7.0 60.0
7.0 70.0
8.0 70.0
8.0 80.0
9.0 80.0
9.0 90.0
10.0 90.0
10.0 100.0
10.3207 100.0
# Process.x #4
0.0 0.0
0.0 0.0
1.0 0.0
1.0 1.0
2.0 1.0
2.0 2.0
3.0 2.0
3.0 3.0
4.0 3.0
4.0 4.0
5.0 4.0
5.0 5.0
6.0 5.0
6.0 6.0
7.0 6.0
7.0 7.0
8.0 7.0
8.0 8.0
9.0 8.0
9.0 9.0
10.0 9.0
10.0 10.0
10.8556 10.0
# Process.x #5
0.0 0.0
0.0 0.0
1.0 0.0
1.0 10.0
2.0 10.0
2.0 20.0
3.0 20.0
3.0 30.0
4.0 30.0
4.0 40.0
5.0 40.0
5.0 50.0
6.0 50.0
6.0 60.0
7.0 60.0
7.0 70.0
8.0 70.0
8.0 80.0
9.0 80.0
9.0 90.0
10.0 90.0
10.0 100.0
10.3733 100.0
# Process.x #6
0.0 0.0
0.0 0.0
1.0 0.0
1.0 10.0
2.0 10.0
2.0 20.0
3.0 20.0
3.0 30.0
4.0 30.0
4.0 40.0
5.0 40.0
5.0 50.0
6.0 50.0
6.0 60.0
7.0 60.0
7.0 70.0
8.0 70.0
8.0 80.0
9.0 80.0
9.0 90.0
10.0 90.0
10.0 100.0
10.5103 100.0
# Process.x #7
0.0 0.0
0.0 0.0
1.0 0.0
1.0 10.0
2.0 10.0
2.0 20.0
3.0 20.0
3.0 30.0
4.0 30.0
4.0 40.0
5.0 40.0
5.0 50.0
6.0 50.0
6.0 60.0
7.0 60.0
7.0 70.0
8.0 70.0
8.0 80.0
9.0 80.0
9.0 90.0
10.0 90.0
10.0 100.0
10.9355 100.0
# Process.x #8
0.0 0.0
0.0 0.0
1.0 0.0
1.0 1.0
2.0 1.0
2.0 2.0
3.0 2.0
3.0 3.0
4.0 3.0
4.0 4.0
5.0 4.0
5.0 5.0
6.0 5.0
6.0 6.0
7.0 6.0
7.0 7.0
8.0 7.0
8.0 8.0
9.0 8.0
9.0 9.0
10.0 9.0
10.0 10.0
10.7787 10.0
# Process.x #9
0.0 0.0
0.0 0.0
1.0 0.0
1.0 10.0
2.0 10.0
2.0 20.0
3.0 20.0
3.0 30.0
4.0 30.0
4.0 40.0
5.0 40.0
5.0 50.0
6.0 50.0
6.0 60.0
7.0 60.0
7.0 70.0
8.0 70.0
8.0 80.0
9.0 80.0
9.0 90.0
10.0 90.0
10.0 100.0
10.6459 100.0
# Process.x #10
0.0 0.0
0.0 0.0
1.0 0.0
1.0 -5.0
2.0 -5.0
2.0 -10.0
3.0 -10.0
3.0 -15.0
4.0 -15.0
4.0 -20.0
5.0 -20.0
5.0 -25.0
6.0 -25.0
6.0 -30.0
7.0 -30.0
7.0 -35.0
8.0 -35.0
8.0 -40.0
9.0 -40.0
9.0 -45.0
10.0 -45.0
10.0 -50.0
10.5306 -50.0
# Process.x #11
0.0 0.0
0.0 0.0
1.0 0.0
1.0 10.0
2.0 10.0
2.0 20.0
3.0 20.0
3.0 30.0
4.0 30.0
4.0 40.0
5.0 40.0
5.0 50.0
6.0 50.0
6.0 60.0
7.0 60.0
7.0 70.0
8.0 70.0
8.0 80.0
9.0 80.0
9.0 90.0
10.0 90.0
10.0 100.0
10.0189 100.0
# Process.x #12
0.0 0.0
0.0 0.0
1.0 0.0
1.0 1.0
2.0 1.0
2.0 2.0
3.0 2.0
3.0 3.0
4.0 3.0
4.0 4.0
5.0 4.0
5.0 5.0
6.0 5.0
6.0 6.0
7.0 6.0
7.0 7.0
8.0 7.0
8.0 8.0
9.0 8.0
9.0 9.0
10.0 9.0
10.0 10.0
10.2871 10.0
# Process.x #13
0.0 0.0
0.0 0.0
1.0 0.0
1.0 10.0
2.0 10.0
2.0 20.0
3.0 20.0
3.0 30.0
4.0 30.0
4.0 40.0
5.0 40.0
5.0 50.0
6.0 50.0
6.0 60.0
7.0 60.0
7.0 70.0
8.0 70.0
8.0 80.0
9.0 80.0
9.0 90.0
10.0 90.0
10.0 100.0
10.862 100.0
# Process.x #14
0.0 0.0
0.0 0.0
1.0 0.0
1.0 1.0
2.0 1.0
2.0 2.0
3.0 2.0
3.0 3.0
4.0 3.0
4.0 4.0
5.0 4.0
5.0 5.0
6.0 5.0
6.0 6.0
7.0 6.0
7.0 7.0
8.0 7.0
8.0 8.0
9.0 8.0
9.0 9.0
10.0 9.0
10.0 10.0
10.5181 10.0
# Process.x #15
0.0 0.0
0.0 0.0
1.0 0.0
1.0 10.0
2.0 10.0
2.0 20.0
3.0 20.0
3.0 30.0
4.0 30.0
4.0 40.0
5.0 40.0
5.0 50.0
6.0 50.0
6.0 60.0
7.0 60.0
7.0 70.0
8.0 70.0
8.0 80.0
9.0 80.0
9.0 90.0
10.0 90.0
10.0 100.0
10.2129 100.0
# Process.x #16
0.0 0.0
0.0 0.0
1.0 0.0
1.0 1.0
2.0 1.0
2.0 2.0
3.0 2.0
3.0 3.0
4.0 3.0
4.0 4.0
5.0 4.0
5.0 5.0
6.0 5.0
6.0 6.0
7.0 6.0
7.0 7.0
8.0 7.0
8.0 8.0
9.0 8.0
9.0 9.0
10.0 9.0
10.0 10.0
10.4597 10.0
# Process.x #17
0.0 0.0
0.0 0.0
1.0 0.0
1.0 1.0
2.0 1.0
2.0 2.0
3.0 2.0
3.0 3.0
4.0 3.0
4.0 4.0
5.0 4.0
5.0 5.0
6.0 5.0
6.0 6.0
7.0 6.0
7.0 7.0
8.0 7.0
8.0 8.0
9.0 8.0
9.0 9.0
10.0 9.0
10.0 10.0
10.6038 10.0
# Process.x #18
0.0 0.0
0.0 0.0
1.0 0.0
1.0 10.0
2.0 10.0
2.0 20.0
3.0 20.0
3.0 30.0
4.0 30.0
4.0 40.0
5.0 40.0
5.0 50.0
6.0 50.0
6.0 60.0
7.0 60.0
7.0 70.0
8.0 70.0
8.0 80.0
9.0 80.0
9.0 90.0
10.0 90.0
10.0 100.0
10.8431 100.0
# Process.x #19
0.0 0.0
0.0 0.0
1.0 0.0
1.0 10.0
2.0 10.0
2.0 20.0
3.0 20.0
3.0 30.0
4.0 30.0
4.0 40.0
5.0 40.0
5.0 50.0
6.0 50.0
6.0 60.0
7.0 60.0
7.0 70.0
8.0 70.0
8.0 80.0
9.0 80.0
9.0 90.0
10.0 90.0
10.0 100.0
10.413 100.0
# Process.x #20
0.0 0.0
0.0 0.0
1.0 0.0
1.0 10.0
2.0 10.0
2.0 20.0
3.0 20.0
3.0 30.0
4.0 30.0
4.0 40.0
5.0 40.0
5.0 50.0
6.0 50.0
6.0 60.0
7.0 60.0
7.0 70.0
8.0 70.0
8.0 80.0
9.0 80.0
9.0 90.0
10.0 90.0
10.0 100.0
10.9783 100.0
# Process.x #21
0.0 0.0
0.0 0.0
1.0 0.0
1.0 -5.0
2.0 -5.0
2.0 -10.0
3.0 -10.0
3.0 -15.0
4.0 -15.0
4.0 -20.0
5.0 -20.0
5.0 -25.0
6.0 -25.0
6.0 -30.0
7.0 -30.0
7.0 -35.0
8.0 -35.0
8.0 -40.0
9.0 -40.0
9.0 -45.0
10.0 -45.0
10.0 -50.0
10.182 -50.0
# Process.x #22
0.0 0.0
0.0 0.0
1.0 0.0
1.0 10.0
2.0 10.0
2.0 20.0
3.0 20.0
3.0 30.0
4.0 30.0
4.0 40.0
5.0 40.0
5.0 50.0
6.0 50.0
6.0 60.0
7.0 60.0
7.0 70.0
8.0 70.0
8.0 80.0
9.0 80.0
9.0 90.0
10.0 90.0
10.0 100.0
10.7983 100.0
# Process.x #23
0.0 0.0
0.0 0.0
1.0 0.0
1.0 10.0
2.0 10.0
2.0 20.0
3.0 20.0
3.0 30.0
4.0 30.0
4.0 40.0
5.0 40.0
5.0 50.0
6.0 50.0
6.0 60.0
7.0 60.0
7.0 70.0
8.0 70.0
8.0 80.0
9.0 80.0
9.0 90.0
10.0 90.0
10.0 100.0
10.4823 100.0
# Process.x #24
0.0 0.0
0.0 0.0
1.0 0.0
1.0 1.0
2.0 1.0
2.0 2.0
3.0 2.0
3.0 3.0
4.0 3.0
4.0 4.0
5.0 4.0
5.0 5.0
6.0 5.0
6.0 6.0
7.0 6.0
7.0 7.0
8.0 7.0
8.0 8.0
9.0 8.0
9.0 9.0
10.0 9.0
10.0 10.0
10.0655 10.0
# Process.x #25
0.0 0.0
0.0 0.0
1.0 0.0
1.0 1.0
2.0 1.0
2.0 2.0
3.0 2.0
3.0 3.0
4.0 3.0
4.0 4.0
5.0 4.0
5.0 5.0
6.0 5.0
6.0 6.0
7.0 6.0
7.0 7.0
8.0 7.0
8.0 8.0
9.0 8.0
9.0 9.0
10.0 9.0
10.0 10.0
10.3957 10.0
# Process.x #26
0.0 0.0
0.0 0.0
1.0 0.0
1.0 10.0
2.0 10.0
2.0 20.0
3.0 20.0
3.0 30.0
4.0 30.0
4.0 40.0
5.0 40.0
5.0 50.0
6.0 50.0
6.0 60.0
7.0 60.0
7.0 70.0
8.0 70.0
8.0 80.0
9.0 80.0
9.0 90.0
10.0 90.0
10.0 100.0
10.5415 100.0
# Process.x #27
0.0 0.0
0.0 0.0
1.0 0.0
1.0 10.0
2.0 10.0
2.0 20.0
3.0 20.0
3.0 30.0
4.0 30.0
4.0 40.0
5.0 40.0
5.0 50.0
6.0 50.0
6.0 60.0
7.0 60.0
7.0 70.0
8.0 70.0
8.0 80.0
9.0 80.0
9.0 90.0
10.0 90.0
10.0 100.0
10.7167 100.0
# Process.x #28
0.0 0.0
0.0 0.0
1.0 0.0
1.0 10.0
2.0 10.0
2.0 20.0
3.0 20.0
3.0 30.0
4.0 30.0
4.0 40.0
5.0 40.0
5.0 50.0
6.0 50.0
6.0 60.0
7.0 60.0
7.0 70.0
8.0 70.0
8.0 80.0
9.0 80.0
9.0 90.0
10.0 90.0
10.0 100.0
10.5191 100.0
# Process.x #29
0.0 0.0
0.0 0.0
1.0 0.0
1.0 1.0
2.0 1.0
2.0 2.0
3.0 2.0
3.0 3.0
4.0 3.0
4.0 4.0
5.0 4.0
5.0 5.0
6.0 5.0
6.0 6.0
7.0 6.0
7.0 7.0
8.0 7.0
8.0 8.0
9.0 8.0
9.0 9.0
10.0 9.0
10.0 10.0
10.0539 10.0
# Process.x #30
0.0 0.0
0.0 0.0
1.0 0.0
1.0 1.0
2.0 1.0
2.0 2.0
3.0 2.0
3.0 3.0
4.0 3.0
4.0 4.0
5.0 4.0
5.0 5.0
6.0 5.0
6.0 6.0
7.0 6.0
7.0 7.0
8.0 7.0
8.0 8.0
9.0 8.0
9.0 9.0
10.0 9.0
10.0 10.0
10.893 10.0
# Process.x #31
0.0 0.0
0.0 0.0
1.0 0.0
1.0 1.0
2.0 1.0
2.0 2.0
3.0 2.0
3.0 3.0
4.0 3.0
4.0 4.0
5.0 4.0
5.0 5.0
6.0 5.0
6.0 6.0
7.0 6.0
7.0 7.0
8.0 7.0
8.0 8.0
9.0 8.0
9.0 9.0
10.0 9.0
10.0 10.0
10.53 10.0
# Process.x #32
0.0 0.0
0.0 0.0
1.0 0.0
1.0 10.0
2.0 10.0
2.0 20.0
3.0 20.0
3.0 30.0
4.0 30.0
4.0 40.0
5.0 40.0
5.0 50.0
6.0 50.0
6.0 60.0
7.0 60.0
7.0 70.0
8.0 70.0
8.0 80.0
9.0 80.0
9.0 90.0
10.0 90.0
10.0 100.0
10.4479 100.0
# Process.x #33
0.0 0.0
0.0 0.0
1.0 0.0
1.0 1.0
2.0 1.0
2.0 2.0
3.0 2.0
3.0 3.0
4.0 3.0
4.0 4.0
5.0 4.0
5.0 5.0
6.0 5.0
6.0 6.0
7.0 6.0
7.0 7.0
8.0 7.0
8.0 8.0
9.0 8.0
9.0 9.0
10.0 9.0
10.0 10.0
10.9569 10.0
# Process.x #34
0.0 0.0
0.0 0.0
1.0 0.0
1.0 1.0
2.0 1.0
2.0 2.0
3.0 2.0
3.0 3.0
4.0 3.0
4.0 4.0
5.0 4.0
5.0 5.0
6.0 5.0
6.0 6.0
7.0 6.0
7.0 7.0
8.0 7.0
8.0 8.0
9.0 8.0
9.0 9.0
10.0 9.0
10.0 10.0
10.1738 10.0
# Process.x #35
0.0 0.0
0.0 0.0
1.0 0.0
1.0 10.0
2.0 10.0
2.0 20.0
3.0 20.0
3.0 30.0
4.0 30.0
4.0 40.0
5.0 40.0
5.0 50.0
6.0 50.0
6.0 60.0
7.0 60.0
7.0 70.0
8.0 70.0
8.0 80.0
9.0 80.0
9.0 90.0
10.0 90.0
10.0 100.0
10.7151 100.0
# Process.x #36
0.0 0.0
0.0 0.0
1.0 0.0
1.0 10.0
2.0 10.0
2.0 20.0
3.0 20.0
3.0 30.0
4.0 30.0
4.0 40.0
5.0 40.0
5.0 50.0
6.0 50.0
6.0 60.0
7.0 60.0
7.0 70.0
8.0 70.0
8.0 80.0
9.0 80.0
9.0 90.0
10.0 90.0
10.0 100.0
10.8559 100.0
# Process.x #37
0.0 0.0
0.0 0.0
1.0 0.0
1.0 1.0
2.0 1.0
2.0 2.0
3.0 2.0
3.0 3.0
4.0 3.0
4.0 4.0
5.0 4.0
5.0 5.0
6.0 5.0
6.0 6.0
7.0 6.0
7.0 7.0
8.0 7.0
8.0 8.0
9.0 8.0
9.0 9.0
10.0 9.0
10.0 10.0
10.8632 10.0
# Process.x #38
0.0 0.0
0.0 0.0
1.0 0.0
1.0 10.0
2.0 10.0
2.0 20.0
3.0 20.0
3.0 30.0
4.0 30.0
4.0 40.0
5.0 40.0
5.0 50.0
6.0 50.0
6.0 60.0
7.0 60.0
7.0 70.0
8.0 70.0
8.0 80.0
9.0 80.0
9.0 90.0
10.0 90.0
10.0 100.0
10.1392 100.0
# Process.x #39
0.0 0.0
0.0 0.0
1.0 0.0
1.0 10.0
2.0 10.0
2.0 20.0
3.0 20.0
3.0 30.0
4.0 30.0
4.0 40.0
5.0 40.0
5.0 50.0
6.0 50.0
6.0 60.0
7.0 60.0
7.0 70.0
8.0 70.0
8.0 80.0
9.0 80.0
9.0 90.0
10.0 90.0
10.0 100.0
10.3963 100.0
# Process.x #40
0.0 0.0
0.0 0.0
1.0 0.0
1.0 10.0
2.0 10.0
2.0 20.0
3.0 20.0
3.0 30.0
4.0 30.0
4.0 40.0
5.0 40.0
5.0 50.0
6.0 50.0
6.0 60.0
7.0 60.0
7.0 70.0
8.0 70.0
8.0 80.0
9.0 80.0
9.0 90.0
10.0 90.0
10.0 100.0
10.7849 100.0
# Process.x #41
0.0 0.0
0.0 0.0
1.0 0.0
1.0 1.0
2.0 1.0
2.0 2.0
3.0 2.0
3.0 3.0
4.0 3.0
4.0 4.0
5.0 4.0
5.0 5.0
6.0 5.0
6.0 6.0
7.0 6.0
7.0 7.0
8.0 7.0
8.0 8.0
9.0 8.0
9.0 9.0
10.0 9.0
10.0 10.0
10.0565 10.0
# Process.x #42
0.0 0.0
0.0 0.0
1.0 0.0
1.0 10.0
2.0 10.0
2.0 20.0
3.0 20.0
3.0 30.0
4.0 30.0
4.0 40.0
5.0 40.0
5.0 50.0
6.0 50.0
6.0 60.0
7.0 60.0
7.0 70.0
8.0 70.0
8.0 80.0
9.0 80.0
9.0 90.0
10.0 90.0
10.0 100.0
10.9432 100.0
# Process.x #43
0.0 0.0
0.0 0.0
1.0 0.0
1.0 1.0
2.0 1.0
2.0 2.0
3.0 2.0
3.0 3.0
4.0 3.0
4.0 4.0
5.0 4.0
5.0 5.0
6.0 5.0
6.0 6.0
7.0 6.0
7.0 7.0
8.0 7.0
8.0 8.0
9.0 8.0
9.0 9.0
10.0 9.0
10.0 10.0
10.7105 10.0
# Process.x #44
0.0 0.0
0.0 0.0
1.0 0.0
1.0 10.0
2.0 10.0
2.0 20.0
3.0 20.0
3.0 30.0
4.0 30.0
4.0 40.0
5.0 40.0
5.0 50.0
6.0 50.0
6.0 60.0
7.0 60.0
7.0 70.0
8.0 70.0
8.0 80.0
9.0 80.0
9.0 90.0
10.0 90.0
10.0068 100.0
# Process.x #45
0.0 0.0
0.0 0.0
1.0 0.0
1.0 10.0
2.0 10.0
2.0 20.0
3.0 20.0
3.0 30.0
4.0 30.0
4.0 40.0
5.0 40.0
5.0 50.0
6.0 50.0
6.0 60.0
7.0 60.0
7.0 70.0
8.0 70.0
8.0 80.0
9.0 80.0
9.0 90.0
10.0 90.0
10.0 100.0
10.0409 100.0
# Process.x #46
0.0 0.0
0.0 0.0
1.0 0.0
1.0 10.0
2.0 10.0
2.0 20.0
3.0 20.0
3.0 30.0
4.0 30.0
4.0 40.0
5.0 40.0
5.0 50.0
6.0 50.0
6.0 60.0
7.0 60.0
7.0 70.0
8.0 70.0
8.0 80.0
9.0 80.0
9.0 90.0
10.0 90.0
10.0 100.0
10.4085 100.0
# Process.x #47
0.0 0.0
0.0 0.0
1.0 0.0
1.0 10.0
2.0 10.0
2.0 20.0
3.0 20.0
3.0 30.0
4.0 30.0
4.0 40.0
5.0 40.0
5.0 50.0
6.0 50.0
6.0 60.0
7.0 60.0
7.0 70.0
8.0 70.0
8.0 80.0
9.0 80.0
9.0 90.0
10.0 90.0
10.0 100.0
10.6761 100.0
# Process.x #48
0.0 0.0
0.0 0.0
1.0 0.0
1.0 1.0
2.0 1.0
2.0 2.0
3.0 2.0
3.0 3.0
4.0 3.0
4.0 4.0
5.0 4.0
5.0 5.0
6.0 5.0
6.0 6.0
7.0 6.0
7.0 7.0
8.0 7.0
8.0 8.0
9.0 8.0
9.0 9.0
10.0 9.0
10.0 10.0
10.4332 10.0
# Process.x #49
0.0 0.0
0.0 0.0
1.0 0.0
1.0 1.0
2.0 1.0
2.0 2.0
3.0 2.0
3.0 3.0
4.0 3.0
4.0 4.0
5.0 4.0
5.0 5.0
6.0 5.0
6.0 6.0
7.0 6.0
7.0 7.0
8.0 7.0
8.0 8.0
9.0 8.0
9.0 9.0
10.0 9.0
10.0 10.0
10.9692 10.0
# Process.x #50
0.0 0.0
0.0 0.0
1.0 0.0
1.0 10.0
2.0 10.0
2.0 20.0
3.0 20.0
3.0 30.0
4.0 30.0
4.0 40.0
5.0 40.0
5.0 50.0
6.0 50.0
6.0 60.0
7.0 60.0
7.0 70.0
8.0 70.0
8.0 80.0
9.0 80.0
9.0 90.0
10.0 90.0
10.0 100.0
10.7305 100.0
# Process.x #51
0.0 0.0
0.0 0.0
1.0 0.0
1.0 1.0
2.0 1.0
2.0 2.0
3.0 2.0
3.0 3.0
4.0 3.0
4.0 4.0
5.0 4.0
5.0 5.0
6.0 5.0
6.0 6.0
7.0 6.0
7.0 7.0
8.0 7.0
8.0 8.0
9.0 8.0
9.0 9.0
10.0 9.0
10.0 10.0
10.0922 10.0
# Process.x #52
0.0 0.0
0.0 0.0
1.0 0.0
1.0 1.0
2.0 1.0
2.0 2.0
3.0 2.0
3.0 3.0
4.0 3.0
4.0 4.0
5.0 4.0
5.0 5.0
6.0 5.0
6.0 6.0
7.0 6.0
7.0 7.0
8.0 7.0
8.0 8.0
9.0 8.0
9.0 9.0
10.0 9.0
10.0 10.0
10.3178 10.0
# Process.x #53
0.0 0.0
0.0 0.0
1.0 0.0
1.0 1.0
2.0 1.0
2.0 2.0
3.0 2.0
3.0 3.0
4.0 3.0
4.0 4.0
5.0 4.0
5.0 5.0
6.0 5.0
6.0 6.0
7.0 6.0
7.0 7.0
8.0 7.0
8.0 8.0
9.0 8.0
9.0 9.0
10.0 9.0
10.0 10.0
10.8094 10.0
# Process.x #54
0.0 0.0
0.0 0.0
1.0 0.0
1.0 1.0
2.0 1.0
2.0 2.0
3.0 2.0
3.0 3.0
4.0 3.0
4.0 4.0
5.0 4.0
5.0 5.0
6.0 5.0
6.0 6.0
7.0 6.0
7.0 7.0
8.0 7.0
8.0 8.0
9.0 8.0
9.0 9.0
10.0 9.0
10.0 10.0
10.0618 10.0
# Process.x #55
0.0 0.0
0.0 0.0
1.0 0.0
1.0 10.0
2.0 10.0
2.0 20.0
3.0 20.0
3.0 30.0
4.0 30.0
4.0 40.0
5.0 40.0
5.0 50.0
6.0 50.0
6.0 60.0
7.0 60.0
7.0 70.0
8.0 70.0
8.0 80.0
9.0 80.0
9.0 90.0
10.0 90.0
10.0 100.0
10.7784 100.0
# Process.x #56
0.0 0.0
0.0 0.0
1.0 0.0
1.0 1.0
2.0 1.0
2.0 2.0
3.0 2.0
3.0 3.0
4.0 3.0
4.0 4.0
5.0 4.0
5.0 5.0
6.0 5.0
6.0 6.0
7.0 6.0
7.0 7.0
8.0 7.0
8.0 8.0
9.0 8.0
9.0 9.0
10.0 9.0
10.0 10.0
10.2375 10.0
# Process.x #57
0.0 0.0
0.0 0.0
1.0 0.0
1.0 10.0
2.0 10.0
2.0 20.0
3.0 20.0
3.0 30.0
4.0 30.0
4.0 40.0
5.0 40.0
5.0 50.0
6.0 50.0
6.0 60.0
7.0 60.0
7.0 70.0
8.0 70.0
8.0 80.0
9.0 80.0
9.0 90.0
10.0 90.0
10.0 100.0
10.4306 100.0
# Process.x #58
0.0 0.0
0.0 0.0
1.0 0.0
1.0 10.0
2.0 10.0
2.0 20.0
3.0 20.0
3.0 30.0
4.0 30.0
4.0 40.0
5.0 40.0
5.0 50.0
6.0 50.0
6.0 60.0
7.0 60.0
7.0 70.0
8.0 70.0
8.0 80.0
9.0 80.0
9.0 90.0
10.0 90.0
10.0 100.0
10.5046 100.0
# Process.x #59
0.0 0.0
0.0 0.0
1.0 0.0
1.0 10.0
2.0 10.0
2.0 20.0
3.0 20.0
3.0 30.0
4.0 30.0
4.0 40.0
5.0 40.0
5.0 50.0
6.0 50.0
6.0 60.0
7.0 60.0
7.0 70.0
8.0 70.0
8.0 80.0
9.0 80.0
9.0 90.0
10.0 90.0
10.0 100.0
10.1733 100.0
# Process.x #60
0.0 0.0
0.0 0.0
1.0 0.0
1.0 10.0
2.0 10.0
2.0 20.0
3.0 20.0
3.0 30.0
4.0 30.0
4.0 40.0
5.0 40.0
5.0 50.0
6.0 50.0
6.0 60.0
7.0 60.0
7.0 70.0
8.0 70.0
8.0 80.0
9.0 80.0
9.0 90.0
10.0 90.0
10.0 100.0
10.827 100.0
# Process.x #61
0.0 0.0
0.0 0.0
1.0 0.0
1.0 10.0
2.0 10.0
2.0 20.0
3.0 20.0
3.0 30.0
4.0 30.0
4.0 40.0
5.0 40.0
5.0 50.0
6.0 50.0
6.0 60.0
7.0 60.0
7.0 70.0
8.0 70.0
8.0 80.0
9.0 80.0
9.0 90.0
10.0 90.0
10.0 100.0
10.3754 100.0
# Process.x #62
0.0 0.0
0.0 0.0
1.0 0.0
1.0 1.0
2.0 1.0
2.0 2.0
3.0 2.0
3.0 3.0
4.0 3.0
4.0 4.0
5.0 4.0
5.0 5.0
6.0 5.0
6.0 6.0
7.0 6.0
7.0 7.0
8.0 7.0
8.0 8.0
9.0 8.0
9.0 9.0
10.0 9.0
10.0 10.0
10.1421 10.0
# Process.x #63
0.0 0.0
0.0 0.0
1.0 0.0
1.0 10.0
2.0 10.0
2.0 20.0
3.0 20.0
3.0 30.0
4.0 30.0
4.0 40.0
5.0 40.0
5.0 50.0
6.0 50.0
6.0 60.0
7.0 60.0
7.0 70.0
8.0 70.0
8.0 80.0
9.0 80.0
9.0 90.0
10.0 90.0
10.0 100.0
10.3878 100.0
# Process.x #64
0.0 0.0
0.0 0.0
1.0 0.0
1.0 10.0
2.0 10.0
2.0 20.0
3.0 20.0
3.0 30.0
4.0 30.0
4.0 40.0
5.0 40.0
5.0 50.0
6.0 50.0
6.0 60.0
7.0 60.0
7.0 70.0
8.0 70.0
8.0 80.0
9.0 80.0
9.0 90.0
10.0 90.0
10.0 100.0
10.7085 100.0
# Process.x #65
0.0 0.0
0.0 0.0
1.0 0.0
1.0 10.0
2.0 10.0
2.0 20.0
3.0 20.0
3.0 30.0
4.0 30.0
4.0 40.0
5.0 40.0
5.0 50.0
6.0 50.0
6.0 60.0
7.0 60.0
7.0 70.0
8.0 70.0
8.0 80.0
9.0 80.0
9.0 90.0
10.0 90.0
10.0 100.0
10.311 100.0
# Process.x #66
0.0 0.0
0.0 0.0
1.0 0.0
1.0 1.0
2.0 1.0
2.0 2.0
3.0 2.0
3.0 3.0
4.0 3.0
4.0 4.0
5.0 4.0
5.0 5.0
6.0 5.0
6.0 6.0
7.0 6.0
7.0 7.0
8.0 7.0
8.0 8.0
9.0 8.0
9.0 9.0
10.0 9.0
10.0 10.0
10.1119 10.0
# Process.x #67
0.0 0.0
0.0 0.0
1.0 0.0
1.0 10.0
2.0 10.0
2.0 20.0
3.0 20.0
3.0 30.0
4.0 30.0
4.0 40.0
5.0 40.0
5.0 50.0
6.0 50.0
6.0 60.0
7.0 60.0
7.0 70.0
8.0 70.0
8.0 80.0
9.0 80.0
9.0 90.0
10.0 90.0
10.0 100.0
10.2916 100.0
# Process.x #68
0.0 0.0
0.0 0.0
1.0 0.0
1.0 1.0
2.0 1.0
2.0 2.0
3.0 2.0
3.0 3.0
4.0 3.0
4.0 4.0
5.0 4.0
5.0 5.0
6.0 5.0
6.0 6.0
7.0 6.0
7.0 7.0
8.0 7.0
8.0 8.0
9.0 8.0
9.0 9.0
10.0 9.0
10.0 10.0
10.602 10.0
# Process.x #69
0.0 0.0
0.0 0.0
1.0 0.0
1.0 10.0
2.0 10.0
2.0 20.0
3.0 20.0
3.0 30.0
4.0 30.0
4.0 40.0
5.0 40.0
5.0 50.0
6.0 50.0
6.0 60.0
7.0 60.0
7.0 70.0
8.0 70.0
8.0 80.0
9.0 80.0
9.0 90.0
10.0 90.0
10.0 100.0
10.0604 100.0
# Process.x #70
0.0 0.0
0.0 0.0
1.0 0.0
1.0 10.0
2.0 10.0
2.0 20.0
3.0 20.0
3.0 30.0
4.0 30.0
4.0 40.0
5.0 40.0
5.0 50.0
6.0 50.0
6.0 60.0
7.0 60.0
7.0 70.0
8.0 70.0
8.0 80.0
9.0 80.0
9.0 90.0
10.0 90.0
10.0 100.0
10.7262 100.0
# Process.x #71
0.0 0.0
0.0 0.0
1.0 0.0
1.0 10.0
2.0 10.0
2.0 20.0
3.0 20.0
3.0 30.0
4.0 30.0
4.0 40.0
5.0 40.0
5.0 50.0
6.0 50.0
6.0 60.0
7.0 60.0
7.0 70.0
8.0 70.0
8.0 80.0
9.0 80.0
9.0 90.0
10.0 90.0
10.0 100.0
10.5197 100.0
# Process.x #72
0.0 0.0
0.0 0.0
1.0 0.0
1.0 1.0
2.0 1.0
2.0 2.0
3.0 2.0
3.0 3.0
4.0 3.0
4.0 4.0
5.0 4.0
5.0 5.0
6.0 5.0
6.0 6.0
7.0 6.0
7.0 7.0
8.0 7.0
8.0 8.0
9.0 8.0
9.0 9.0
10.0 9.0
10.0 10.0
10.5583 10.0
# Process.x #73
0.0 0.0
0.0 0.0
1.0 0.0
1.0 10.0
2.0 10.0
2.0 20.0
3.0 20.0
3.0 30.0
4.0 30.0
4.0 40.0
5.0 40.0
5.0 50.0
6.0 50.0
6.0 60.0
7.0 60.0
7.0 70.0
8.0 70.0
8.0 80.0
9.0 80.0
9.0 90.0
10.0 90.0
10.0 100.0
10.3234 100.0
# Process.x #74
0.0 0.0
0.0 0.0
1.0 0.0
1.0 1.0
2.0 1.0
2.0 2.0
3.0 2.0
3.0 3.0
4.0 3.0
4.0 4.0
5.0 4.0
5.0 5.0
6.0 5.0
6.0 6.0
7.0 6.0
7.0 7.0
8.0 7.0
8.0 8.0
9.0 8.0
9.0 9.0
10.0 9.0
10.0 10.0
10.1922 10.0
# Process.x #75
0.0 0.0
0.0 0.0
1.0 0.0
1.0 10.0
2.0 10.0
2.0 20.0
3.0 20.0
3.0 30.0
4.0 30.0
4.0 40.0
5.0 40.0
5.0 50.0
6.0 50.0
6.0 60.0
7.0 60.0
7.0 70.0
8.0 70.0
8.0 80.0
9.0 80.0
9.0 90.0
10.0 90.0
10.0 100.0
10.8819 100.0
# Process.x #76
0.0 0.0
0.0 0.0
1.0 0.0
1.0 10.0
2.0 10.0
2.0 20.0
3.0 20.0
3.0 30.0
4.0 30.0
4.0 40.0
5.0 40.0
5.0 50.0
6.0 50.0
6.0 60.0
7.0 60.0
7.0 70.0
8.0 70.0
8.0 80.0
9.0 80.0
9.0 90.0
10.0 90.0
10.0 100.0
10.6809 100.0
# Process.x #77
0.0 0.0
0.0 0.0
1.0 0.0
1.0 1.0
2.0 1.0
2.0 2.0
3.0 2.0
3.0 3.0
4.0 3.0
4.0 4.0
5.0 4.0
5.0 5.0
6.0 5.0
6.0 6.0
7.0 6.0
7.0 7.0
8.0 7.0
8.0 8.0
9.0 8.0
9.0 9.0
10.0 9.0
10.0 10.0
10.5789 10.0
# Process.x #78
0.0 0.0
0.0 0.0
1.0 0.0
1.0 10.0
2.0 10.0
2.0 20.0
3.0 20.0
3.0 30.0
4.0 30.0
4.0 40.0
5.0 40.0
5.0 50.0
6.0 50.0
6.0 60.0
7.0 60.0
7.0 70.0
8.0 70.0
8.0 80.0
9.0 80.0
9.0 90.0
10.0 90.0
10.0 100.0
10.1878 100.0
# Process.x #79
0.0 0.0
0.0 0.0
1.0 0.0
1.0 1.0
2.0 1.0
2.0 2.0
3.0 2.0
3.0 3.0
4.0 3.0
4.0 4.0
5.0 4.0
5.0 5.0
6.0 5.0
6.0 6.0
7.0 6.0
7.0 7.0
8.0 7.0
8.0 8.0
9.0 8.0
9.0 9.0
10.0 9.0
10.0 10.0
10.4342 10.0
# Process.x #80
0.0 0.0
0.0 0.0
1.0 0.0
1.0 10.0
2.0 10.0
2.0 20.0
3.0 20.0
3.0 30.0
4.0 30.0
4.0 40.0
5.0 40.0
5.0 50.0
6.0 50.0
6.0 60.0
7.0 60.0
7.0 70.0
8.0 70.0
8.0 80.0
9.0 80.0
9.0 90.0
10.0 90.0
10.0 100.0
10.2098 100.0
# Process.x #81
0.0 0.0
0.0 0.0
1.0 0.0
1.0 10.0
2.0 10.0
2.0 20.0
3.0 20.0
3.0 30.0
4.0 30.0
4.0 40.0
5.0 40.0
5.0 50.0
6.0 50.0
6.0 60.0
7.0 60.0
7.0 70.0
8.0 70.0
8.0 80.0
9.0 80.0
9.0 90.0
10.0 90.0
10.0 100.0
10.5073 100.0
# Process.x #82
0.0 0.0
0.0 0.0
1.0 0.0
1.0 1.0
2.0 1.0
2.0 2.0
3.0 2.0
3.0 3.0
4.0 3.0
4.0 4.0
5.0 4.0
5.0 5.0
6.0 5.0
6.0 6.0
7.0 6.0
7.0 7.0
8.0 7.0
8.0 8.0
9.0 8.0
9.0 9.0
10.0 9.0
10.0046 10.0
# Process.x #83
0.0 0.0
0.0 0.0
1.0 0.0
1.0 10.0
2.0 10.0
2.0 20.0
3.0 20.0
3.0 30.0
4.0 30.0
4.0 40.0
5.0 40.0
5.0 50.0
6.0 50.0
6.0 60.0
7.0 60.0
7.0 70.0
8.0 70.0
8.0 80.0
9.0 80.0
9.0 90.0
10.0 90.0
10.0 100.0
10.1236 100.0
# Process.x #84
0.0 0.0
0.0 0.0
1.0 0.0
1.0 10.0
2.0 10.0
2.0 20.0
3.0 20.0
3.0 30.0
4.0 30.0
4.0 40.0
5.0 40.0
5.0 50.0
6.0 50.0
6.0 60.0
7.0 60.0
7.0 70.0
8.0 70.0
8.0 80.0
9.0 80.0
9.0 90.0
10.0 90.0
10.0 100.0
10.6485 100.0
# Process.x #85
0.0 0.0
0.0 0.0
1.0 0.0
1.0 10.0
2.0 10.0
2.0 20.0
3.0 20.0
3.0 30.0
4.0 30.0
4.0 40.0
5.0 40.0
5.0 50.0
6.0 50.0
6.0 60.0
7.0 60.0
7.0 70.0
8.0 70.0
8.0 80.0
9.0 80.0
9.0 90.0
10.0 90.0
10.0 100.0
10.1803 100.0
# Process.x #86
0.0 0.0
0.0 0.0
1.0 0.0
1.0 10.0
2.0 10.0
2.0 20.0
3.0 20.0
3.0 30.0
4.0 30.0
4.0 40.0
5.0 40.0
5.0 50.0
6.0 50.0
6.0 60.0
7.0 60.0
7.0 70.0
8.0 70.0
8.0 80.0
9.0 80.0
9.0 90.0
10.0 90.0
10.0 100.0
10.009 100.0
# Process.x #87
0.0 0.0
0.0 0.0
1.0 0.0
1.0 10.0
2.0 10.0
2.0 20.0
3.0 20.0
3.0 30.0
4.0 30.0
4.0 40.0
5.0 40.0
5.0 50.0
6.0 50.0
6.0 60.0
7.0 60.0
7.0 70.0
8.0 70.0
8.0 80.0
9.0 80.0
9.0 90.0
10.0 90.0
10.0 100.0
10.5725 100.0
# Process.x #88
0.0 0.0
0.0 0.0
1.0 0.0
1.0 10.0
2.0 10.0
2.0 20.0
3.0 20.0
3.0 30.0
4.0 30.0
4.0 40.0
5.0 40.0
5.0 50.0
6.0 50.0
6.0 60.0
7.0 60.0
7.0 70.0
8.0 70.0
8.0 80.0
9.0 80.0
9.0 90.0
10.0 90.0
10.0 100.0
10.887 100.0
# Process.x #89
0.0 0.0
0.0 0.0
1.0 0.0
1.0 10.0
2.0 10.0
2.0 20.0
3.0 20.0
3.0 30.0
4.0 30.0
4.0 40.0
5.0 40.0
5.0 50.0
6.0 50.0
6.0 60.0
7.0 60.0
7.0 70.0
8.0 70.0
8.0 80.0
9.0 80.0
9.0 90.0
10.0 90.0
10.0 100.0
10.1667 100.0
# Process.x #90
0.0 0.0
0.0 0.0
1.0 0.0
1.0 1.0
2.0 1.0
2.0 2.0
3.0 2.0
3.0 3.0
4.0 3.0
4.0 4.0
5.0 4.0
5.0 5.0
6.0 5.0
6.0 6.0
7.0 6.0
7.0 7.0
8.0 7.0
8.0 8.0
9.0 8.0
9.0 9.0
10.0 9.0
10.0 10.0
10.8379 10.0
# Process.x #91
0.0 0.0
0.0 0.0
1.0 0.0
1.0 10.0
2.0 10.0
2.0 20.0
3.0 20.0
3.0 30.0
4.0 30.0
4.0 40.0
5.0 40.0
5.0 50.0
6.0 50.0
6.0 60.0
7.0 60.0
7.0 70.0
8.0 70.0
8.0 80.0
9.0 80.0
9.0 90.0
10.0 90.0
10.0 100.0
10.6372 100.0
# Process.x #92
0.0 0.0
0.0 0.0
1.0 0.0
1.0 1.0
2.0 1.0
2.0 2.0
3.0 2.0
3.0 3.0
4.0 3.0
4.0 4.0
5.0 4.0
5.0 5.0
6.0 5.0
6.0 6.0
7.0 6.0
7.0 7.0
8.0 7.0
8.0 8.0
9.0 8.0
9.0 9.0
10.0 9.0
10.0 10.0
10.3649 10.0
# Process.x #93
0.0 0.0
0.0 0.0
1.0 0.0
1.0 1.0
2.0 1.0
2.0 2.0
3.0 2.0
3.0 3.0
4.0 3.0
4.0 4.0
5.0 4.0
5.0 5.0
6.0 5.0
6.0 6.0
7.0 6.0
7.0 7.0
8.0 7.0
8.0 8.0
9.0 8.0
9.0 9.0
10.0 9.0
10.0 10.0
10.8967 10.0
# Process.x #94
0.0 0.0
0.0 0.0
1.0 0.0
1.0 10.0
2.0 10.0
2.0 20.0
3.0 20.0
3.0 30.0
4.0 30.0
4.0 40.0
5.0 40.0
5.0 50.0
6.0 50.0
6.0 60.0
7.0 60.0
7.0 70.0
8.0 70.0
8.0 80.0
9.0 80.0
9.0 90.0
10.0 90.0
10.0 100.0
10.7247 100.0
# Process.x #95
0.0 0.0
0.0 0.0
1.0 0.0
1.0 1.0
2.0 1.0
2.0 2.0
3.0 2.0
3.0 3.0
4.0 3.0
4.0 4.0
5.0 4.0
5.0 5.0
6.0 5.0
6.0 6.0
7.0 6.0
7.0 7.0
8.0 7.0
8.0 8.0
9.0 8.0
9.0 9.0
10.0 9.0
10.0 10.0
10.783 10.0
# Process.x #96
0.0 0.0
0.0 0.0
1.0 0.0
1.0 10.0
2.0 10.0
2.0 20.0
3.0 20.0
3.0 30.0
4.0 30.0
4.0 40.0
5.0 40.0
5.0 50.0
6.0 50.0
6.0 60.0
7.0 60.0
7.0 70.0
8.0 70.0
8.0 80.0
9.0 80.0
9.0 90.0
10.0 90.0
10.0 100.0
10.7685 100.0
# Process.x #97
0.0 0.0
0.0 0.0
1.0 0.0
1.0 10.0
2.0 10.0
2.0 20.0
3.0 20.0
3.0 30.0
4.0 30.0
4.0 40.0
5.0 40.0
5.0 50.0
6.0 50.0
6.0 60.0
7.0 60.0
7.0 70.0
8.0 70.0
8.0 80.0
9.0 80.0
9.0 90.0
10.0 90.0
10.0 100.0
10.3977 100.0
# Process.x #98
0.0 0.0
0.0 0.0
1.0 0.0
1.0 1.0
2.0 1.0
2.0 2.0
3.0 2.0
3.0 3.0
4.0 3.0
4.0 4.0
5.0 4.0
5.0 5.0
6.0 5.0
6.0 6.0
7.0 6.0
7.0 7.0
8.0 7.0
8.0 8.0
9.0 8.0
9.0 9.0
10.0 9.0
10.0 10.0
10.8554 10.0
# Process.x #99
0.0 0.0
0.0 0.0
1.0 0.0
1.0 10.0
2.0 10.0
2.0 20.0
3.0 20.0
3.0 30.0
4.0 30.0
4.0 40.0
5.0 40.0
5.0 50.0
6.0 50.0
6.0 60.0
7.0 60.0
7.0 70.0
8.0 70.0
8.0 80.0
9.0 80.0
9.0 90.0
10.0 90.0
10.0 100.0
10.1382 100.0
# Process.x #100
0.0 0.0
0.0 0.0
1.0 0.0
1.0 10.0
2.0 10.0
2.0 20.0
3.0 20.0
3.0 30.0
4.0 30.0
4.0 40.0
5.0 40.0
5.0 50.0
6.0 50.0
6.0 60.0
7.0 60.0
7.0 70.0
8.0 70.0
8.0 80.0
9.0 80.0
9.0 90.0
10.0 90.0
10.0 100.0
10.419 100.0
